== python 复现（与 C++ 同结构的欧拉筛内层次数） ==
  n=10        inner=5
  n=100       inner=74
  n=1000      inner=831
  n=10000     inner=8770
  n=100000    inner=90407
  n=1000000   inner=921501
  n=10000000  inner=9335420

== C++ 计数版实测 ==
n          变体            inner     powers赋值     qpow调用
10         B3A               5            9          4
10         B3B               5            8          4
10         B5C               5            8          4
10         B4A               5            8          4
10         B4B               5            8          4
10         B4C               5            8          4
10         B4D               5            8          4
10         B2A               5            8         10
10         B2B               5            8          4
10         B2C               5            8         10
10         B2D               5            8          4
10         B5A               5            8          4
10         B5B               5            8          4
10         B5D               4            8          5

100        B3A              74          132         25
100        B3B              74           98         25
100        B5C              74           98         25
100        B4A              74           98         25
100        B4B              74           98         25
100        B4C              74           98         25
100        B4D              74           98         25
100        B2A              74           98         65
100        B2B              74           98         25
100        B2C              74           98         65
100        B2D              74           98         25
100        B5A             104           98         25
100        B5B             104           98         25
100        B5D              49           98         50

1000       B3A             831         1576        168
1000       B3B             831         1042        168
1000       B5C             831         1042        168
1000       B4A             831         1042        168
1000       B4B             831         1042        168
1000       B4C             831         1042        168
1000       B4D             831         1042        168
1000       B2A             831         1042        509
1000       B2B             831         1042        168
1000       B2C             831         1042        509
1000       B2D             831         1042        168
1000       B5A            1411         1170        168
1000       B5B            1411         1170        168
1000       B5D             499          998        500

10000      B3A            8770        17620       1229
10000      B3B            8770        10536       1229
10000      B5C            8770        10536       1229
10000      B4A            None         None       None
10000      B4B            8770        10536       1229
10000      B4C            8770        10536       1229
10000      B4D            None         None       None
10000      B2A            8770        10536       3729
10000      B2B            8770        10536       1229
10000      B2C            8770        10536       3729
10000      B2D            8770        10536       1229
10000      B5A           16981        12442       1229
10000      B5B           16981        12442       1229
10000      B5D            4999         9998       5000

100000     B3A           90407       190144       9592
100000     B3B           90407       106206       9592
100000     B5C           90407       106206       9592
100000     B4A            None         None       None
100000     B4B           90407       106206       9592
100000     B4C           90407       106206       9592
100000     B4D            None         None       None
100000     B2A           90407       106206      30132
100000     B2B           90407       106206       9592
100000     B2C           90407       106206      30132
100000     B2D           90407       106206       9592
100000     B5D           49999        99998      50000

1000000    B3A          921501      2014950      78498
1000000    B3B          921501      1061914      78498
1000000    B5C          921501      1061914      78498
1000000    B4A            None         None       None
1000000    B4B          921501      1061914      78498
1000000    B4C          921501      1061914      78498
1000000    B4D            None         None       None
1000000    B2A          921501      1061914     246498
1000000    B2B          921501      1061914      78498
1000000    B2C          921501      1061914     246498
1000000    B2D          921501      1061914      78498
1000000    B5D          499999       999998     500000

10000000   B3A         9335420     21080396     664579
10000000   B3B         9335420     10626430     664579
10000000   B5C         9335420     10626430     664579
10000000   B4A            None         None       None
10000000   B4B         9335420     10626430     664579
10000000   B4C         9335420     10626430     664579
10000000   B4D            None         None       None
10000000   B2A         9335420     10626430    2074831
10000000   B2B         9335420     10626430     664579
10000000   B2C         9335420     10626430    2074831
10000000   B2D         9335420     10626430     664579
10000000   B5D         4999999      9999998    5000000

