i in [2,86] parity table (30 columns):
idx        i :   0   1   2   3   4   5   6   7   8   9  10  11  12  13  14  15  16  17  18  19  20  21  22  23  24  25  26  27  28  29
     len[i] :   1   2   3   5   8  13  21  34  55  89 144 233 377 610 987159725844181676510946177112865746368750251213931964183178115142298320401346269
 len[i]%2   :   1   0   1   1   0   1   1   0   1   1   0   1   1   0   1   1   0   1   1   0   1   1   0   1   1   0   1   1   0   1
 i%3<2     :   1   1   0   1   1   0   1   1   0   1   1   0   1   1   0   1   1   0   1   1   0   1   1   0   1   1   0   1   1   0
(第11行) i    :   2   3   4   5   6   7   8   9  10  11  12  13  14  15  16  17  18  19  20  21  22  23  24  25  26  27  28  29  30  31
 len[i-1]&1 :   0   1   1   0   1   1   0   1   1   0   1   1   0   1   1   0   1   1   0   1   1   0   1   1   0   1   1   0   1   1
 i%3<2      :   0   1   1   0   1   1   0   1   1   0   1   1   0   1   1   0   1   1   0   1   1   0   1   1   0   1   1   0   1   1
i in [2,86]: 不相等的个数 = 0
len[i] 为奇 <=> i%3!=1 ：不相等的个数 = 0
len[] 奇偶周期检查: len[i]%2 序列前 24 项 = 101101101101101101101101
len[86]=1100087778366101931 (需要 <= 1e18)
