       n    value_calls    while_steps   maxdepth    n*log2(n) calls/(n log n) while/(n log^2 n)
      64             96            273          4          384       0.2500       0.1185  0.0ms ans=11
     128            217            771          4          896       0.2422       0.1229  0.0ms ans=25
     256            483           2040          5         2048       0.2358       0.1245  0.0ms ans=49
     512           1070           5245          6         4608       0.2322       0.1265  0.0ms ans=97
    1024           2359          13284          7        10240       0.2304       0.1297  0.0ms ans=196
    2048           5073          31791          7        22528       0.2252       0.1283  0.0ms ans=390
    4096          11121          78446          8        49152       0.2263       0.1330  0.1ms ans=782
    8192          23554         180501          9       106496       0.2212       0.1304  0.2ms ans=1566
   16384          50678         426646          9       229376       0.2209       0.1329  0.4ms ans=3131
   32768         107439         975613         10       491520       0.2186       0.1323  1.1ms ans=6257
   65536         228427        2241569         11      1048576       0.2178       0.1336  2.0ms ans=12516
  131072         482667        5076535         12      2228224       0.2166       0.1340  4.2ms ans=25034
  262144        1016319       11394229         12      4718592       0.2154       0.1342  8.9ms ans=50065
  524288        2151656       25825335         13      9961472       0.2160       0.1364  19.1ms ans=100130
 1048576        4476005       56470452         13     20971520       0.2134       0.1346  39.2ms ans=200259
说明: maxdepth 记录 value() 递归的最大深度（=Zeckendorf 表示中非零项个数-1）
pos      :  0  1  2  3  4  5  6  7  8  9 10 11 12 13 14 15 16 17 18 19 20 21 22 23 24 25 26 27 28 29 30 31 32 33 34 35 36 37 38 39
word[pos]:  0  1  0  0  1  0  1  0  0  1  0  0  1  0  1  0  0  1  0  1  0  0  1  0  0  1  0  1  0  0  1  0  0  1  0  1  0  0  1  0
value(pos):  0  1  0  0  1  0  1  0  0  1  0  0  1  0  1  0  0  1  0  1  0  0  1  0  0  1  0  1  0  0  1  0  0  1  0  1  0  0  1  0
